
DETLiveNeutronDetector = [
    1    1    1    1    1    1    1    1    1    1  9.72510E+05 0.00000 
];


DETFileNeutronDetector = [
    1    1    1    1    1    1    1    1    1    1  1.51410E+14 0.00000 
];

