
DET1 = [
    1    1    1    1    1    1    1    1    1    1  2.05880E-01 0.00381 
];

